[shots.jpg]
filters=tilt=1,0.138295,0.000000;
moddate=2e52e5231d73d201
width=930
height=320
textactive=0
